  59
   1    15.027    10.007     0.025   25   25   -1   -1
   2    25.039   -30.082     0.005   47   54   -1   -1
   3     5.023   -10.106     0.044   38   39   -1   -1
   4    -5.002   -10.122     0.089   39   38   -1   -1
   5   -14.960    40.009     0.056    7   10   -1   -1
   6   -24.936    49.985     0.019    0    5   -1   -1
   7    14.995    20.012    -0.020   22   19   -1   -1
   8   -15.028   -20.121     0.049   45   43   -1   -1
   9     5.007    -0.033     0.011   32   34   -1   -1
  10     5.041   -20.114     0.022   43   45   -1   -1
  11   -15.034    19.993     0.015   19   22   -1   -1
  12    14.943   -50.056     0.054   59   67   -1   -1
  13    25.048   -20.075     0.059   42   48   -1   -1
  14   -24.961    40.006     0.108    6   11   -1   -1
  15    15.034   -10.100     0.079   37   40   -1   -1
  16   -14.973    30.005     0.014   13   16   -1   -1
  17   -24.988   -30.102     0.115   51   49   -1   -1
  18   -24.988    29.994     0.069   12   17   -1   -1
  19   -15.034     0.045    -0.095   34   31   -1   -1
  20   -25.047   -10.119     0.164   41   36   -1   -1
  21    -5.007    -0.038    -0.008   33   33   -1   -1
  22    -5.039     9.983     0.015   28   28   -1   -1
  23   -25.004    19.983     0.054   18   23   -1   -1
  24    24.995    20.006    -0.015   23   18   -1   -1
  25    20.362   -39.173    -0.127   52   58   -1   -1
  26    -5.048    20.018    -0.026   21   21   -1   -1
  27    -4.996    30.011     0.047   14   15   -1   -1
  28   -15.030    10.055    -0.141   27   27   -1   -1
  29    -4.967    40.026     0.033    8    9   -1   -1
  30   -25.040    10.021    -0.015   29   29   -1   -1
  31   -25.013   -19.973     0.063   46   42   -1   -1
  32   -15.013   -30.100     0.072   50   50   -1   -1
  33     5.029   -30.112    -0.035   49   52   -1   -1
  34     5.006    49.980     0.116    3    2   -1   -1
  35     4.964    30.040    -0.030   15   14   -1   -1
  36    15.013   -40.075     0.085   54   60   -1   -1
  37    25.034     9.988    -0.018   24   24   -1   -1
  38     5.015    40.026     0.010    9    8   -1   -1
  39    15.013    30.031     0.044   16   13   -1   -1
  40    25.029     0.002    -0.014   30   35   -1   -1
  41   -14.936    49.990     0.082    1    4   -1   -1
  42    25.004    30.013     0.063   17   12   -1   -1
  43    -4.992    49.972     0.108    2    3   -1   -1
  44    15.039     0.045    -0.089   31   32   -1   -1
  45    14.963    49.965     0.089    4    1   -1   -1
  46   -25.031     0.014    -0.021   35   30   -1   -1
  47     4.934    20.018    -0.020   20   20   -1   -1
  48     5.003    10.001     0.009   26   26   -1   -1
  49    -4.955   -40.091    -0.053   56   57   -1   -1
  50    14.980    40.054    -0.074   10    7   -1   -1
  51    25.055    40.050    -0.043   11    6   -1   -1
  52    25.017   -40.046     0.062   53   62   -1   -1
  53   -24.998   -40.039     0.071   58   55   -1   -1
  54    24.964    50.002     0.030    5    0   -1   -1
  55   -14.982   -40.068    -0.046   57   56   -1   -1
  56   -15.010   -49.993     0.054   62   64   -1   -1
  57    25.074   -10.040     0.074   36   41   -1   -1
  58   -15.013   -10.052     0.022   40   37   -1   -1
  59   -24.992   -50.005     0.145   63   63   -1   -1
